6815
2452
6168
6504
2435
7108
5003
2952
7385
6076
545
2807
7975
2270
2152
7949
2328
8119
1286
1174
9026
7351
3213
2829
3465
1314
9184
1802
4050
4886
5125
9481
1034
4285
4443
125
120
7365
1422
9012
9793
847
7273
6285
3435
5701
4875
5080
7331
1919
1950
9549
8387
1384
5299
5999
4974
4716
2210
5346
5198
2516
2529
9035
6608
5622
290
3415
7182
6487
274
6239
1614
338
2655
3658
3800
8030
5594
5859
4654
2186
7229
5244
4423
2860
6479
836
2957
7675
709
1733
4040
1161
139
545
8137
229
3364
62
6908
2800
6463
8111
3368
5023
7930
3862
8760
1152
4043
2039
7855
4288
5372
2334
1416
2668
8439
9395
8812
1415
4739
8364
2104
1659
9165
7956
1981
3380
7114
1755
6265
8057
6764
1423
7335
6876
3667
9993
1683
2084
4598
6986
4400
7865
6723
1816
1789
9584
1347
436
6773
359
7073
4030
7366
9972
7148
2987
2868
3545
475
3270
9743
8058
897
3508
2467
1074
386
2076
7919
8499
6276
9079
1816
5756
7113
8852
1022
4736
8940
9872
9438
4277
4282
9988
9786
4410
1811
3439
3895
3468
8944
149
9973
9259
456
7784
6708
5369
5166
2598
2037
2114
2733
3
7694
7842
3399
2761
5507
7140
7897
5853
6705
5063
1188
1652
1308
3942
8280
7654
2684
4631
737
9330
7107
467
1670
2674
7442
5176
8880
2672
5053
844
5032
1992
5228
9971
8996
864
5316
8163
2308
2614
4069
9958
9175
6905
2020
7119
787
7290
7996
7249
6165
1908
2209
8380
950
8218
1046
185
5119
3104
7199
6648
8878
6125
3209
6727
7273
9104
8041
4294
5362
464
2626
1098
5116
2248
9531
4847
9277
1779
5888
3041
5493
4212
8327
9276
6574
6697
5030
4354
6804
7168
5156
2141
150
8491
3261
1430
3693
353
4954
9910
429
1957
768
3194
6907
9419
5127
1452
2798
9399
782
2464
8312
1192
7725
92
6998
2006
2508
2076
2342
2296
354
5060
6601
1257
9840
4439
6441
7179
3775
6200
1053
8492
791
4160
9003
8777
2082
2543
5037
3440
9936
7478
2471
266
9116
7348
2551
281
1118
2015
3934
78
5139
8261
623
9903
7466
9316
3029
1847
9744
5015
9882
4782
2287
642
1349
8682
114
5456
2627
8806
7900
3242
1305
5778
426
2683
3737
2043
2406
4338
4804
1804
6605
1416
7551
4917
9027
8355
920
8012
3478
6090
4202
6082
2144
793
7680
6119
5393
6039
4071
5407
364
1958
7479
3462
1568
8395
163
7283
9675
7951
3663
5690
2762
389
9057
8404
7475
8125
2443
1794
3111
5976
4248
5424
1154
7037
7221
7767
6069
6331
2514
3701
5847
1792
1913
7057
3367
826
4382
4841
2900
492
8551
6878
6369
7859
2526
243
4131
1162
4341
6242
3228
1882
4890
7456
7406
2230
1291
7234
6744
5190
8507
2991
7397
2417
1014
6152
1397
5281
817
9638
3819
5570
2997
210
6633
1628
1678
8091
4841
1505
8223
3027
7630
600
105
9067
7354
6267
8395
7824
1233
2126
7243
358
4733
5009
518
5573
7684
5576
1301
8832
5303
6601
1553
7453
1980
150
408
1218
9358
1931
1184
4589
6564
6810
6812
5992
4751
5013
9133
7002
2568
9004
4090
6193
9337
1176
4418
4302
698
4487
5073
1202
288
7433
2562
9000
49
8698
5557
1138
4731
6721
1345
9225
9493
312
6571
4511
1718
5837
9592
1928
7461
40
3519
4200
3824
5102
2194
8254
897
1605
3246
529
4542
3417
5393
6010
2160
3199
7533
979
838
8889
5082
462
2331
8793
2816
1449
437
4841
6884
1152
7376
105
5715
8627
874
1402
2653
7498
5184
8876
9876
6679
9433
1411
4902
5499
1617
1935
2454
1643
393
187
8098
452
2973
3990
1921
6941
8694
9633
1915
1228
7457
889
4429
4267
5999
8965
92
7340
9679
1666
2586
59
9161
9773
5272
6947
940
8304
5547
1812
11
1105
6050
6580
8530
1063
9366
1667
7104
1023
6610
1795
7600
1966
9126
1991
312
2647
7063
4475
6949
4928
249
7158
758
64
639
6763
1865
827
2210
9014
2531
9170
1153
389
7028
292
808
2388
9114
2393
5620
6029
8613
3569
1141
3216
7755
1576
8213
2528
8780
8733
8072
2238
4088
3652
5
1050
9808
7608
9716
1319
235
9573
2184
351
6778
1541
6542
6407
3774
2024
8455
7427
3288
2746
1987
9901
5105
848
5374
4818
8939
5507
5904
109
4616
9568
9551
4537
2170
175
8280
113
7162
4547
7870
9098
1468
2561
1506
1572
195
8004
1811
252
3633
4433
9511
86
1970
4294
2475
1593
2106
5560
6536
4427
636
3886
7559
7183
5565
9640
9991
1787
5720
7828
3500
4495
5074
3457
8041
9043
3089
4389
1713
161
8105
8685
4507
2355
6327
2788
6164
4493
3249
4325
4633
6622
510
4180
2261
3108
3058
9466
8808
7118
6685
9119
5385
3029
9717
4990
5901
525
2768
6739
5209
6968
7142
7911
7940
301
678
7632
2416
3159
2713
2354
9499
8672
964
1227
6753
6128
6930
6542
8868
6353
2593
6862
862
6421
5035
4733
9478
3801
6840
6581
4834
2955
2098
9639
7116
4667
5897
4403
9928
8622
5592
7015
613
8633
6024
75
1314
4220
5907
1804
4482
8588
9884
999
8291
2245
1581
921
5036
4432
1281
9717
6917
4562
1843
9285
2283
5669
8454
7412
1188
3307
8967
1868
6559
7871
3616
4508
2784
2287
703
6844
6299
8999
5062
2979
4287
8847
4659
1369
1781
4057
2131
5145
1577
691
8931
4617
2792
9604
7655
5245
2474
7636
830
7288
1635
2764
3430
7045
1796
4929
5708
1142
7911
5003
4695
2986
9259
3195
3254
1780
796
4860
3798
1674
7191
8872
2360
5755
3708
3310
99
6916
8325
659
1158
1541
9238
8536
3521
1711
6
906
2836
8225
7549
2863
951
7172
4638
9183
8332
2979
567
9569
754
8543
3158
9097
5884
3474
6431
2478
3522
8482
1531
6656
1909
8009

