6881
812
3003
6250
2118
106
1716
9942
9937
4187
7586
3688
2000
5516
11
4262
1632
3408
5132
147
7960
9290
8597
2049
612
3113
9370
3635
7301
9371
2376
6231
4743
4379
8597
6404
8467
8845
4698
5713
3206
1821
3733
3078
9874
4978
7930
5831
7603
4568
2635
7118
2837
5966
6584
7432
1172
3261
1880
6067
5827
9867
6072
3829
5313
3679
9267
8353
8361
6773
5107
1462
9146
228
8262
1817
9606
4239
4341
1652
8238
5001
386
9775
4302
4876
4192
8382
1733
2219
4455
3275
2328
6134
7207
1013
344
1646
8861
8744
673
9930
8548
7487
1219
6762
702
9512
6102
3386
1012
8007
6282
2969
7322
6110
3181
42
3077
892
6977
9050
8097
1523
6205
7092
7215
4446
8034
6337
5868
8610
5409
324
4424
9316
8715
2197
757
9083
1561
172
9038
1944
925
9089
4250
1892
361
4225
385
6184
6959
7940
142
4851
2456
5932
5782
487
5801
6464
648
8453
9874
8699
3157
5563
761
9662
4466
8459
3783
2157
2235
6365
5041
1865
3851
664
2330
1689
9817
9645
3718
959
6405
3380
7218
6280
9156
6891
7507
7555
3736
395
1437
7302
8963
5614
2309
1869
813
9951
8936
101
8212
3872
9020
2153
1748
4818
5640
9898
7800
816
8512
2532
6271
7773
5620
6030
3538
3871
1770
5794
3077
4332
8600
9886
1547
244
3686
2186
6191
5343
4948
1803
8369
2297
1400
5928
5438
7290
2443
3355
2852
8939
4580
9434
7603
4774
2228
7351
9991
3037
884
9716
1254
702
9932
6171
1637
1622
2742
9101
6096
5267
3651
2729
6825
2558
8236
7055
2593
8793
7723
2534
6213
2949
6074
3563
1834
8904
604
2843
2300
8461
827
210
9956
1563
6834
7381
9288
9915
8236
7917
6199
6436
9709
8149
9797
3577
9264
6214
7220
8886
2064
2177
2916
5943
9130
7469
3340
5226
5443
4913
2505
8373
630
1588
6582
5675
6305
6243
4509
6683
913
132
9581
7801
2314
2072
6221
8433
3435
7509
1807
2138
8882
4693
6249
5176
1868
521
3904
7652
7040
3635
1973
7935
9165
9442
405
8948
5408
1455
3868
414
731
1288
1193
7163
1794
4474
1592
7135
8919
4628
2412
4731
1657
7834
6059
3136
6089
9975
7183
7871
221
1655
4793
4770
1128
2788
5337
9536
6809
3215
7723
6525
6867
353
6164
2864
4077
6835
4126
6618
7563
9147
3569
2323
6701
9783
450
3703
2807
975
4240
8113
6481
2054
4380
7895
3823
5761
2697
1670
8771
460
1925
2895
2177
345
1494
6562
2388
9370
1368
746
8735
2225
8918
7722
1463
7462
3016
454
2255
8249
780
6693
6308
2184
6871
3253
7610
4851
1213
2895
6854
6398
6112
6028
4270
3239
4358
457
2781
3800
9118
3079
2716
5679
3972
439
685
4829
6675
1124
6649
1644
2682
5232
1326
5365
4962
6484
993
1664
4255
1298
7754
4668
8181
7661
4432
2290
3804
7292
9682
581
1431
1338
1768
909
7186
4370
4713
6277
9835
377
6350
1665
2163
364
8759
9188
9604
2924
7228
161
9828
5511
2695
1488
9819
921
5936
4179
6290
8659
345
1673
6156
7402
7372
9971
1657
1187
3953
3238
4697
8110
2004
5632
2686
7568
3127
7214
5541
9302
484
4957
583
246
6805
7968
970
8632
2967
7938
2909
1158
2092
2236
4933
1152
1920
1737
2353
3106
7183
3111
4484
74
7941
1521
8516
2869
7318
4507
3007
4809
2447
7486
9342
7992
2508
7797
8140
547
9996
2183
7704
237
609
4470
2120
8322
8093
8502
7185
5656
474
7570
677
7253
2168
6892
9629
2833
4284
4867
8791
29
8486
2602
3569
7316
2292
5095
551
3345
2406
6185
1049
3585
8882
9310
8640
7114
6713
2147
3170
445
1033
8717
5780
4792
212
9960
5104
7342
2577
3598
5176
8011
418
9210
8137
99
7014
1022
6755
3402
2031
4338
3496
506
5494
893
9203
5424
589
4136
7499
1319
3366
8465
8856
4762
8515
8526
6966
9588
3582
4740
3767
5962
2041
2406
7022
459
3128
9937
793
1255
2686
3384
3006
8078
7397
3163
1242
9770
7282
4893
2005
6512
344
1926
1690
8931
5500
8278
9110
3306
1513
1068
8895
786
3605
1334
7143
9670
4387
474
7728
4367
171
2420
2179
9463
6071
496
8748
4674
2495
3354
392
9263
2135
5716
2625
3227
8807
7256
73
2776
6187
1327
8678
6316
7340
1330
7293
1244
2912
2767
3650
9898
1197
1197
8254
2828
6900
1539
3970
512
3915
7415
2075
3357
7275
7955
1030
507
9756
8620
5798
1126
4717
6837
2260
543
6392
9009
9207
9235
885
4617
1204
6400
7230
9053
3111
7958
9796
6446
5715
8426
3984
9019
2806
1425
4364
2730
1761
6090
4419
650
2406
6493
8117
1046
2578
8387
1424
9948
8190
6549
8860
1935
2992
426
3413
443
1576
6875
271
8567
8280
2650
3285
767
8514
3875
370
8402
9001
3921
2548
6745
2353
323
1933
2746
5288
7233
6780
1003
8025
6634
1915
2763
6478
4383
6874
7710
342
3222
2205
8295
6984
2647
7154
4843
2535
4427
9557
2067
2422
3175
5879
8194
3806
2915
4540
1160
8141
8623
6020
2454
1601
3480
9036
4947
9078
5912
1190
5551
5212
2876
9542
9222
8172
2042
143
4087
76
7346
4557
4021
9953
7188
9828
333
6805
6802
8217
9785
8842
8264
6384
6933
9214
1625
6502
7840
1999
4044
9151
3782
464
6103
3523
1979
1980
6922
484
3690
3754
207
835
1599
6082
3456
1795
7458
6032
602
7006
5317
7190
4321
2632
2191
5799
4452
657
1227
7473
7507
9998
7338
3946
2638
9290
7632
9567
4767
8393
3966
3592
3898
1149
875
3552
1940
1165
7912
3572
1778
3314
4260
2938
9124
3204
8334
3700
7586
1749
9161
1525
4725
4955
6277
1987
1065
2052
4283
7581
9985
534
4809
7023
2620
2165
6655
8900
3991
5464
697
8924
35
5149
782
2398
4696
2988
3352
2671
8266
7322
9973
8435
8283
