6903
7747
6981
853
6016
4825
735
2219
4446
3918
6551
3997
3132
269
1516
7325
2750
1312
5179
980
2333
9352
5397
5615
4529
4989
7458
661
1716
994
614
3117
3956
573
1635
9901
89
6310
3983
3366
169
2045
2664
1903
712
1841
5669
5870
8484
1487
6990
4798
1680
9655
8895
5902
5934
8453
4425
7734
2771
7694
5673
9008
9606
1753
493
7028
5721
1905
244
7299
9291
5944
6502
7673
7116
318
5764
8765
6163
5762
705
7691
2845
2921
9329
8532
2551
2957
2097
5060
7037
4375
5159
8516
500
9535
9147
1952
9173
1011
8886
6876
8043
4487
9641
9235
2288
668
1250
6481
5954
2900
7611
3985
8268
4485
2723
9161
9442
1500
9666
6021
5948
8323
9863
9601
4791
2118
4579
9147
1832
6595
7051
2248
3091
337
3354
966
219
802
422
625
3995
4379
8692
7226
8276
6019
2878
7973
7640
5338
7716
8754
1590
9773
49
4751
2135
1495
6239
8460
8505
4570
3501
9166
2601
1646
5840
1992
8326
7737
2120
5639
692
5472
9093
7405
8319
4908
5209
6288
5216
2289
2064
7844
8405
827
7597
4822
8155
8986
4966
7258
2511
8255
4772
8984
9014
7591
2227
9586
8074
8664
2961
6026
9654
6938
8117
3730
8963
7640
7373
2723
3444
8422
4381
1553
3182
8230
4932
6271
2749
3094
6833
9359
8899
75
5174
349
5202
1140
1804
1309
1580
2648
1176
4658
1529
8866
300
4624
361
5342
5872
4260
5098
836
4339
5667
6140
8901
5021
80
9011
4419
3767
5026
3997
5398
5101
5813
6613
6284
3554
5632
1623
1696
4469
1703
165
4063
1571
4961
8857
4855
7756
5181
7228
417
5771
6880
1542
1632
4144
1138
7078
9050
8464
6507
7557
1463
1024
2456
3591
5272
8925
242
2258
9689
7696
8465
6449
4666
4784
1596
2075
6586
7849
900
80
773
6667
6642
4307
2625
9126
1630
3054
4099
9477
2498
6147
151
4424
2958
1823
4143
5222
4813
6500
9611
2418
776
4471
5530
2494
5065
1062
6656
2589
6899
2638
7609
1950
7312
4476
5486
102
9339
1779
469
7820
911
2526
6285
5627
5599
1894
7194
4980
2696
8646
2925
4578
5604
9821
8072
1410
656
9219
289
658
8720
3696
9349
9001
3234
1674
8463
520
2112
9597
7321
1440
6106
735
3794
9971
8723
1428
9744
7663
6459
6416
200
5129
7213
6828
4732
710
1801
2299
2884
9584
277
2476
8208
9366
3504
8946
7213
1605
8935
1587
4838
2438
1659
8238
4013
8872
6274
2321
3674
6896
654
2650
3875
1101
1003
4092
3437
961
2220
3940
4482
4669
2777
6940
7427
8748
2594
623
9263
3428
3319
4334
6997
8152
362
4851
5687
7057
5029
4133
3584
5997
9049
7003
4871
72
6902
3412
8676
2427
6546
2902
2530
7299
1332
2086
1269
5316
8032
2759
2319
6605
7144
390
3262
1773
6992
5510
2199
2566
7362
8999
633
2449
6324
2557
4907
2930
3207
3630
424
2301
1393
299
6349
6633
5581
8883
2255
1397
2722
9924
1490
6760
2353
9347
2424
8957
4467
7502
4342
8447
5715
6721
1470
3425
1911
4742
4184
1106
3812
4016
754
238
9826
9593
5434
680
7998
7034
2233
9015
4320
2876
8226
1134
2028
8461
3227
7825
5996
8773
7548
9365
8126
9673
4838
3031
1690
8575
2006
6576
9911
883
6153
1751
1358
4905
3922
2455
2190
4981
234
1586
9698
1960
2455
1974
3776
4795
6512
5120
2932
4081
1888
4991
5469
5128
6666
5066
3525
6960
7852
7396
1062
2047
7974
7582
251
2708
588
3822
9061
5434
7386
7759
2176
2639
441
377
3573
4150
5839
50
6913
8843
379
8309
1446
5701
2209
1954
6192
3456
306
2166
9659
2987
289
2637
4451
1823
1617
1653
2348
7074
3075
4805
4291
2731
8622
5214
7460
8295
1327
5984
4957
826
9604
1152
2595
8906
2212
4120
452
5673
8130
5567
5389
1761
6497
4283
1116
8965
5065
8901
6921
85
7706
5228
7793
706
849
8669
9843
7731
1353
5985
1599
152
1860
4823
1050
4829
9514
611
1815
4641
257
4519
1843
2391
9950
1281
6624
428
4699
1829
9413
619
9946
2925
883
7390
2840
3470
2427
7237
2549
45
5054
7595
6851
7778
1781
1223
1372
2939
3939
977
4730
7556
9911
4870
561
2086
1030
8702
624
4478
360
9099
9480
4255
978
5956
491
5658
5284
324
5338
2317
5524
749
616
7945
5355
8416
9906
6777
7998
417
9763
3760
3312
694
2034
6546
4678
4785
351
2502
4827
4687
2559
6970
4708
4703
1572
4584
1319
9239
3936
6648
9656
3395
2139
4869
6868
4400
2723
7492
3314
6585
8212
9986
1366
5631
6329
2510
520
8638
4337
1031
1780
5277
8149
8519
5155
9814
1256
2912
3498
2199
816
3814
546
600
2277
333
8088
4207
5688
4612
9493
5456
4806
6403
3457
8648
6428
9217
4564
4268
9373
6809
4717
270
4546
6045
7382
7056
2130
1083
3159
1692
3938
4287
6042
851
7598
506
2543
1604
1224
130
4289
8127
7216
2026
105
219
806
67
3730
9109
5196
7122
2732
2266
2767
852
2901
86
4183
5616
8932
1710
3357
9932
4904
4987
5469
3795
2129
3560
7244
4661
205
815
7756
879
6358
2318
29
924
1386
175
3414
4268
3291
904
3156
8405
9671
449
6514
3575
587
2212
1850
5076
644
6202
1739
4688
4342
9619
8220
6821
6193
2085
7839
298
2864
2890
153
9045
2884
6835
3042
4926
8385
4562
1544
2167
4870
6502
8393
2569
2419
1896
5984
8208
454
8342
1359
985
6743
6989
6879
1083
421
5628
1828
932
1407
9687
2724
6917
5560
1881
504
8017
1141
7582
4788
8690
7657
32
9268
6285
2627
960
3352
4742
3510
4839
6690
8263
9722
7150
1437
7149
7505
5787
1488
6740
5532
5356
5843
8421
7662
4921
6866
8540
4753
8581
767
2526
3640
9637
7692
8955
1173
1109
9802
2561
2669
4247
268
8177
2040
