6923
6701
5862
4161
2368
5618
9409
4656
5211
9798
5664
4261
4894
1243
3597
282
2586
3559
6163
1056
5290
3934
7182
4934
6611
5806
4238
1211
6138
2233
5852
8865
2006
1048
9712
1955
2424
93
1458
1992
5193
2570
1263
1048
2707
4624
3246
9310
1458
3067
3428
4239
5676
4092
5557
394
7070
3847
1772
7888
9513
6623
13
678
2494
894
7017
1849
9414
1929
4801
5313
997
1634
5631
4121
5135
9904
1665
7565
3899
9821
5991
9157
5639
6079
2304
242
2460
489
3327
5799
3140
2866
3556
1210
5162
2407
4072
4218
1473
3212
297
242
7783
8008
7303
8207
4490
8338
510
8271
5036
1719
1749
2011
2627
206
838
6887
2677
4237
7120
183
562
4060
2617
8548
7330
3514
375
4927
8129
3552
9457
1508
2951
2147
2481
3523
13
398
2093
5452
8845
5023
4566
3865
1017
7072
9697
144
3695
889
5637
9000
3948
5284
2915
3724
9630
1586
2460
3631
8606
700
7840
6783
2750
731
7171
4076
639
3004
1077
1611
5383
4367
8114
8502
4881
9887
2535
2774
6500
1847
2870
2308
697
834
2524
2412
3239
212
65
3779
9057
4391
1663
5610
1203
2649
7814
4899
3929
5060
1712
1124
6945
1677
3729
730
2449
4914
897
1104
8156
4110
6013
112
5137
8686
170
4921
2644
9657
4428
4306
9794
6347
5030
2174
1183
243
7890
2048
8210
9150
8900
7472
211
1715
9786
6383
8883
6561
3143
2711
1805
7509
6528
1751
5756
6033
4166
1742
2878
4713
8294
7941
3591
4735
8861
834
568
5298
6847
9834
7666
7074
7130
7079
1334
7608
6166
5082
9038
1220
8289
3203
8369
1942
4616
2047
7971
4817
7944
9697
2283
1308
3142
8436
7386
4171
4731
591
553
6894
5637
9130
6177
5385
4314
3776
8080
2548
3182
4710
1931
7267
7702
2203
9311
8440
9213
2384
4125
663
5592
1322
2518
2667
1958
566
2274
8487
9338
5084
8407
4176
1179
3527
88
1545
2411
3268
5996
2558
3719
6937
9041
6758
7871
2904
2176
9795
3527
6867
1794
5643
5245
1026
8548
7612
924
131
4583
731
6192
5362
1948
7422
7434
8714
4366
2235
4039
8666
6703
6496
8332
1691
3240
965
404
8673
2283
2703
1198
8928
1643
1046
1232
625
351
569
3265
3957
9266
400
2230
4345
6767
1442
8795
330
9211
8888
6932
7723
9603
1585
1844
9925
7096
376
4797
287
6568
1156
8441
4718
2335
2910
4698
6574
2286
3256
941
7121
3738
1740
9508
5128
72
4946
6691
576
8984
3846
1179
5599
4639
5113
3350
3615
106
1927
7362
393
1439
7514
6370
2486
6694
957
4672
2738
5417
8531
9112
8498
2344
9912
4129
8215
8544
8408
1293
2676
2204
4207
1988
4861
3372
7201
2379
1296
8693
75
7835
1816
7689
1433
8671
431
4473
8585
2541
2084
7960
9312
2745
7982
3586
9292
8391
3216
3245
3434
5968
5341
9855
7977
9686
7181
9600
799
8267
1457
6209
1882
2767
9251
5581
3705
9465
546
2351
3948
7576
6061
372
8585
4473
3725
5667
9009
4172
2680
3018
7234
1123
9379
4314
7918
9723
9944
5973
7228
3550
1913
5703
7470
6599
4803
9764
2418
9911
1382
6704
4413
1400
9684
9189
469
9505
7672
944
1869
1241
3802
4476
1543
3135
5552
3188
6005
2665
9638
147
5104
9499
8737
4382
7869
1659
752
7124
8493
4371
6980
2533
1027
758
3682
1489
844
711
2791
7010
7130
6182
5643
317
6465
2652
8409
2709
5126
8665
158
1393
1412
1660
9024
9150
561
2627
1249
3400
1216
1475
2404
5605
9592
7514
7887
434
5030
771
305
7314
6030
9003
7446
9316
7704
3522
9065
8805
5689
1299
5577
1223
430
1543
895
1072
544
6534
5087
7637
9941
8592
6509
7544
6819
8652
2306
6959
4571
5567
5231
536
9027
9295
321
2490
3796
3864
1350
9869
9013
3727
6302
2765
7576
4933
6262
8139
3732
5534
8465
1125
6850
9058
6408
2438
1404
3508
1588
8081
451
5249
840
2282
3024
4539
5556
2470
573
7767
5656
2916
1172
4228
8454
6924
5560
814
2524
807
8020
2433
4992
9534
2497
3249
236
8536
1259
2073
2252
5823
2646
3171
4197
9554
1373
4568
9081
2432
5003
3592
3400
195
9150
3435
25
2379
2696
2441
3641
925
2216
6856
2915
779
7496
4740
2690
6549
3512
8388
3763
3825
5036
6955
621
9047
9409
7099
1461
560
4118
5665
1486
8113
7449
2637
878
6658
2895
1808
6295
2804
8183
9083
7891
4385
2529
8613
8417
8582
1739
2685
7456
735
8797
5729
9225
9922
8918
9439
675
6655
550
9818
3377
4470
4254
2704
9358
7833
132
2409
9259
2148
395
8978
7448
2122
6643
1450
4162
6434
5965
4780
9308
1282
3473
4591
4609
2730
3667
6779
6568
5524
1460
621
793
5066
1429
9628
1840
4521
3985
3709
1264
4357
843
4292
9289
7374
1718
8572
2156
8833
964
6841
8238
737
1441
140
700
7719
8336
9430
4703
823
3446
1376
6480
7094
1126
7291
8717
8649
6861
3908
3132
7296
735
7898
5759
8531
2466
1267
2888
4203
5193
8923
9503
7684
9603
7711
6915
9297
5126
57
4206
1217
2101
9661
6971
1905
874
9155
1180
5458
1232
8245
5639
4684
7728
5020
3841
7299
894
5095
3406
2361
3557
3436
8535
1252
1537
1377
3693
1569
7147
9212
9917
1449
1386
9018
7061
547
5719
2110
8902
731
706
5162
6122
8242
388
8770
7928
1461
5684
7119
1781
5586
5710
3442
941
1112
5345
9482
2499
5566
2264
9799
5781
9575
859
1727
2564
6533
7159
4322
7890
796
6187
4601
2941
1080
340
1844
9819
9346
44
7604
8806
318
4990
6054
1434
8552
7501
801
8588
2017
9253
9842
8686
4196
2914
1574
7552
1998
368
2919
1561
5293
1411
5243
8247
3240
7352
7594
419
9824
7244
1086
7368
2694
3947
4575
7669
4333
1771
6688
2705
3040
4411
2484
4623
