6933
6178
3918
815
543
7398
5979
8642
1978
4122
5220
4393
5774
8114
4637
9528
4736
3299
1655
6094
6768
7609
9459
3210
4884
6214
2627
5102
3349
7852
4855
6739
8263
2669
7366
7982
8591
8369
2427
6305
2705
600
7794
5621
3704
2400
2035
4646
713
5241
4415
1727
1289
6311
2504
4024
6254
1544
1830
5197
2884
6087
5799
2897
3938
464
6662
643
7644
5556
2080
4320
1850
1712
195
2345
9144
1081
8232
9734
2767
5467
18
8506
5652
6274
6023
1097
2415
5640
2559
6168
8959
2112
7755
1173
8877
7458
151
2582
9006
7081
8771
5542
6269
6153
1134
7693
1976
7173
5140
2783
9577
3360
7435
8792
4807
834
9896
5750
2062
605
2231
9496
1485
545
3994
1637
9983
5597
4657
6432
1277
7030
5659
2523
6498
6669
8428
9802
4910
5196
5696
4249
6270
1729
271
9952
3772
4831
6722
8998
339
897
4597
5508
8743
3040
4349
9595
3378
247
571
2600
1425
997
8625
1975
7825
6658
2837
119
1796
5638
5556
5980
2728
198
1241
2666
3162
7376
3966
6017
7142
1626
1890
9540
1843
4454
1371
6206
7165
825
1230
2039
946
8843
2877
7539
3682
7409
6992
6172
8240
3258
9703
2289
6974
9047
1535
6463
9192
3551
6275
1679
512
1953
5445
5776
4730
1147
1405
631
7592
170
4609
1780
5241
867
6342
8086
557
9794
934
6033
6524
6017
1378
8880
1784
908
5913
5878
8144
4402
394
553
1543
4462
1239
6177
4180
982
7355
6189
8427
3476
557
9399
9772
4404
741
1113
7546
2573
4878
5551
687
6147
4844
1151
1918
764
2080
8759
9129
786
8555
8598
1172
4089
2655
6014
9802
7793
4844
7592
9886
1053
1865
5784
7300
5525
1585
1042
4033
1322
5377
2190
3137
4616
2622
4200
7512
1488
5148
6267
9627
1223
1245
1470
8927
889
486
3871
4034
9682
8825
7552
8633
5567
3198
2368
1722
6272
5411
7531
3083
576
1926
5652
1882
1128
1024
7282
1758
8305
9332
2872
4414
6808
5512
7290
4177
4503
2932
1645
7685
722
4201
4638
548
4800
3860
1126
4228
187
1474
8860
6974
8920
8662
1723
2226
9658
153
6581
1528
4324
1793
825
6634
3535
6661
33
9344
7995
64
9007
1628
3721
7973
2649
3496
4424
562
2882
9916
5086
1127
5771
4436
58
4360
2266
609
4616
2833
7978
4607
5012
8794
3987
9495
2738
3788
1675
4998
4013
6595
1709
4030
8527
2628
6778
6251
2465
192
3469
2872
9219
8442
5938
8947
5582
7973
4154
767
216
1217
4280
6297
952
9544
5696
1805
650
1476
2817
6457
7557
180
6048
9730
5419
8911
4679
2342
2065
5976
7566
1090
641
1282
8425
2133
2204
7557
3105
4804
3875
177
2456
8351
7847
5123
903
5204
6079
8102
9290
2723
4283
7580
1631
8098
8951
4125
938
8978
5954
6847
2093
2625
7839
1303
7526
3137
6219
1343
2617
2120
4512
6680
9168
8970
986
1250
5104
6933
1033
3066
1086
315
9430
8498
5842
1333
5177
6599
1531
885
3050
848
8354
8365
6342
8418
8931
4782
7348
4972
6730
484
9785
415
8010
5568
1849
3821
1572
1526
3487
9559
9590
1129
6127
8975
4914
7235
8890
149
4896
8169
6322
8960
9894
4797
7646
795
8023
1878
2127
3187
1098
494
1620
9326
9502
4779
5964
3374
9658
1888
8459
6261
1417
1812
2622
763
5621
9203
8082
2382
3635
1220
9393
8506
6337
8475
4751
393
7115
2912
7748
6445
851
2816
5147
684
1090
2450
6747
2314
2026
988
6931
5645
7343
3766
6747
1949
2518
3471
552
4699
43
8576
8241
2516
617
1550
6624
2965
5446
1124
8219
4305
5501
6480
6996
7249
7152
8108
5501
5996
1885
2928
1392
3975
5072
6534
6990
9102
6234
3566
4534
3987
6113
9060
1192
358
8984
1774
3738
9751
9184
666
8204
3736
6798
584
8071
5574
1759
3267
3115
8873
218
9110
3065
234
2005
1644
1422
2357
715
6921
5298
927
2460
6871
9999
9882
5461
6964
838
3014
1425
7674
7486
6346
2576
7054
5246
467
376
1422
8365
5580
6857
996
1912
2735
4165
2608
1540
2027
7680
5494
6853
9991
2164
3731
7694
9733
7384
534
8634
4346
7730
268
8202
3918
6747
6188
1359
7759
3698
9749
5147
2619
2179
8420
9395
8045
5577
9386
120
1367
2161
6846
6407
1138
8002
575
3501
7041
8170
3197
3806
5293
9514
3016
7608
108
8229
5577
6292
7075
1045
4640
9709
2206
9871
6813
5716
989
4424
2851
8898
4434
5271
4137
5439
8120
4141
6483
6227
8038
9010
9569
76
6724
6194
1399
8080
3214
2024
1181
5891
9062
6969
8935
3418
7358
8629
8903
7041
2951
282
6929
890
9300
8665
6128
9703
5714
7213
823
2570
6364
1641
8795
1594
5001
8577
1183
7113
7241
6443
6255
7509
9857
7415
7458
5531
9571
5998
5786
9346
8034
5191
925
5303
2068
1776
6105
5381
9720
778
3875
8808
3066
9413
1153
5090
7508
4399
1817
4557
7000
343
5193
1697
2156
8022
4249
4889
2212
2833
1390
6273
9670
888
1664
931
90
2882
1261
5698
4193
7021
7903
9110
6600
7920
1452
4954
8189
6628
3662
8146
8545
355
2450
8817
9678
1359
7028
8217
3290
7766
6939
8501
4012
7732
4112
6148
9823
5273
3317
7078
9750
8893
4388
2764
4527
1602
2869
2619
6475
1321
7364
7969
1500
7495
2546
2427
1631
6921
8267
7366
8220
2741
7561
5445
9308
1315
6295
2755
9595
3853
2360
2985
2494
5202
8488
1409
119
9905
4179
2716
5590
8069
7253
9234
5666
2251
5602
4824
1016
1132
1351
6535
7059
3015
5680
5258
3757
1390
8843
4903
677
5764
4077
2850
2322
7221
7348
4575
215
1127
6989
6919
7015
6784
4103
2268
3787
1192
104
2576
7393
7344
1646
7811
7271
7155
3784
4828
2120
4636
2678
9098
8982
4232
4222
4843
7386
3149
4561
4140
136
1339
205
98
6022
914
